10000000
1111110
1111100
1111010
1111000
1110110
1110100
1110010
1110000
1101110
1101100
1101010
1101000
1100110
1100100
1100010
1100000
1011110
1011100
1011010
1011000
1010110
1010100
1010010
1010000
1001110
1001100
1001010
1001000
1000110
1000100
1000010
1000000
111110
111100
111010
111000
110110
110100
110010
110000
101110
101100
101010
101000
100110
100100
100010
100000
11110
11100
11010
11000
10110
10100
10010
10000
1110
1100
1010
1000
110
100
10
