0
10
100
110
1000
1010
1100
1110
10000
10010
10100
10110
11000
11010
11100
11110
100000
100010
100100
100110
101000
101010
101100
101110
110000
110010
110100
110110
111000
111010
111100
111110
1000000
1000010
1000100
1000110
1001000
1001010
1001100
1001110
1010000
1010010
1010100
1010110
1011000
1011010
1011100
1011110
1100000
1100010
1100100
1100110
1101000
1101010
1101100
1101110
1110000
1110010
1110100
1110110
1111000
1111010
1111100
1111110
