0
0
1
1
10
10
11
11
100
100
101
101
101
110
110
111
111
111
1000
1000
1000
1001
1001
1010
1010
1010
1010
1011
1011
1011
1100
1100
1100
1101
1101
1101
1101
1110
1110
1110
1110
1110
1111
1111
1111
1111
1111
10000
10000
10000
10000
10000
10001
10001
10001
10001
10001
10001
10001
10001
10010
10010
10010
10010
10010
10010
10010
10010
10010
10010
10010
10011
10011
10011
10011
10011
10011
10011
10011
10011
10011
10011
10011
10011
10011
10011
10011
10011
10011
10011
10011
10011
10011
10011
10011
10011
10011
10011
10011
10011
10011
10011
10010
10010
10010
10010
10010
10010
10010
10010
10010
10010
10010
10010
10010
10001
10001
10001
10001
10001
10001
10001
10001
10001
10000
10000
10000
10000
10000
10000
10000
10000
1111
1111
1111
1111
1111
1111
1111
1111
1110
1110
1110
1110
1110
1110
1101
1101
1101
1101
1101
1101
1101
1100
1100
1100
1100
1100
1100
1011
1011
1011
1011
1011
1011
1010
1010
1010
1010
1010
1010
1001
1001
1001
1001
1001
1001
1000
1000
1000
1000
1000
1000
111
111
111
111
111
111
110
110
110
110
110
110
110
101
101
101
101
101
101
100
100
100
100
100
100
100
100
11
11
11
11
11
11
11
11
10
10
10
10
10
10
10
10
10
1
1
1
1
1
1
1
1
1
1
1
1
1
0
0
0
0
0
0
0
0
0
0
0
0
0
0
0
0
