1000000000
1000000000
1000000000
1000000000
1000000000
1000000000
1000000000
1000000000
1000000000
1000000000
1000000000
1000000000
1000000000
1000000000
1000000000
1000000000
1000000000
1000000000
1000000000
1000000000
1000000000
1000000000
1000000000
111111111
111111111
111111111
111111111
111111111
111111111
111111111
111111111
111111111
111111111
111111111
111111111
111111111
111111111
111111111
111111111
111111111
111111110
111111110
111111110
111111110
111111110
111111110
111111110
111111110
111111110
111111110
111111110
111111110
111111101
111111101
111111101
111111101
111111101
111111101
111111101
111111101
111111101
111111100
111111100
111111100
111111100
111111100
111111100
111111100
111111100
111111100
111111011
111111011
111111011
111111011
111111011
111111011
111111011
111111010
111111010
111111010
111111010
111111010
111111010
111111010
111111001
111111001
111111001
111111001
111111001
111111001
111111000
111111000
111111000
111111000
111111000
111111000
111110111
111110111
111110111
111110111
111110111
111110111
111110110
111110110
111110110
111110110
111110110
111110101
111110101
111110101
111110101
111110101
111110100
111110100
111110100
111110100
111110100
111110011
111110011
111110011
111110011
111110011
111110010
111110010
111110010
111110010
111110001
111110001
111110001
111110001
111110001
111110000
111110000
111110000
111110000
111101111
111101111
111101111
111101111
111101110
111101110
111101110
111101110
111101101
111101101
111101101
111101101
111101100
111101100
111101100
111101100
111101011
111101011
111101011
111101011
111101010
111101010
111101010
111101010
111101001
111101001
111101001
111101000
111101000
111101000
111101000
111100111
111100111
111100111
111100110
111100110
111100110
111100110
111100101
111100101
111100101
111100100
111100100
111100100
111100011
111100011
111100011
111100011
111100010
111100010
111100010
111100001
111100001
111100001
111100000
111100000
111100000
111011111
111011111
111011111
111011110
111011110
111011110
111011101
111011101
111011101
111011100
111011100
111011100
111011011
111011011
111011011
111011010
111011010
111011010
111011001
111011001
111011001
111011000
111011000
111011000
111010111
111010111
111010111
111010110
111010110
111010101
111010101
111010101
111010100
111010100
111010100
111010011
111010011
111010011
111010010
111010010
111010001
111010001
111010001
111010000
111010000
111001111
111001111
111001111
111001110
111001110
111001110
111001101
111001101
111001100
111001100
111001100
111001011
111001011
111001010
111001010
111001010
111001001
111001001
111001000
111001000
111001000
111000111
111000111
111000110
111000110
111000110
111000101
111000101
111000100
111000100
111000011
111000011
111000011
111000010
111000010
111000001
111000001
111000000
111000000
111000000
110111111
110111111
110111110
110111110
110111101
110111101
110111101
110111100
110111100
110111011
110111011
110111010
110111010
110111010
110111001
110111001
110111000
110111000
110110111
110110111
110110110
110110110
110110101
110110101
110110101
110110100
110110100
110110011
110110011
110110010
110110010
110110001
110110001
110110000
110110000
110101111
110101111
110101110
110101110
110101110
110101101
110101101
110101100
110101100
110101011
110101011
110101010
110101010
110101001
110101001
110101000
110101000
110100111
110100111
110100110
110100110
110100101
110100101
110100100
110100100
110100011
110100011
110100010
110100010
110100001
110100001
110100000
110100000
110011111
110011111
110011110
110011110
110011101
110011101
110011100
110011100
110011011
110011011
110011010
110011010
110011001
110011001
110011000
110011000
110010111
110010111
110010110
110010110
110010101
110010101
110010100
110010100
110010011
110010010
110010010
110010001
110010001
110010000
110010000
110001111
110001111
110001110
110001110
110001101
110001101
110001100
110001100
110001011
110001010
110001010
110001001
110001001
110001000
110001000
110000111
110000111
110000110
110000110
110000101
110000100
110000100
110000011
110000011
110000010
110000010
110000001
110000001
110000000
101111111
101111111
101111110
101111110
101111101
101111101
101111100
101111100
101111011
101111010
101111010
101111001
101111001
101111000
101111000
101110111
101110110
101110110
101110101
101110101
101110100
101110100
101110011
101110010
101110010
101110001
101110001
101110000
101110000
101101111
101101110
101101110
101101101
101101101
101101100
101101100
101101011
101101010
101101010
101101001
101101001
101101000
101100111
101100111
101100110
101100110
101100101
101100101
101100100
101100011
101100011
101100010
101100010
101100001
101100000
101100000
101011111
101011111
101011110
101011101
101011101
101011100
101011100
101011011
101011010
101011010
101011001
101011001
101011000
101010111
101010111
101010110
101010110
101010101
101010100
101010100
101010011
101010011
101010010
101010001
101010001
101010000
101001111
101001111
101001110
101001110
101001101
101001100
101001100
101001011
101001011
101001010
101001001
101001001
101001000
101000111
101000111
101000110
101000110
101000101
101000100
101000100
101000011
101000010
101000010
101000001
101000001
101000000
100111111
100111111
100111110
100111101
100111101
100111100
100111100
100111011
100111010
100111010
100111001
100111000
100111000
100110111
100110111
100110110
100110101
100110101
100110100
100110011
100110011
100110010
100110010
100110001
100110000
100110000
100101111
100101110
100101110
100101101
100101100
100101100
100101011
100101010
100101010
100101001
100101001
100101000
100100111
100100111
100100110
100100101
100100101
100100100
100100011
100100011
100100010
100100001
100100001
100100000
100100000
100011111
100011110
100011110
100011101
100011100
100011100
100011011
100011010
100011010
100011001
100011000
100011000
100010111
100010110
100010110
100010101
100010101
100010100
100010011
100010011
100010010
100010001
100010001
100010000
100001111
100001111
100001110
100001101
100001101
100001100
100001011
100001011
100001010
100001001
100001001
100001000
100000111
100000111
100000110
100000101
100000101
100000100
100000011
100000011
100000010
100000010
100000001
100000000
100000000
11111111
11111110
11111110
11111101
11111100
11111100
11111011
11111010
11111010
11111001
11111000
11111000
11110111
11110110
11110110
11110101
11110100
11110100
11110011
11110010
11110010
11110001
11110000
11110000
11101111
11101110
11101110
11101101
11101100
11101100
11101011
11101010
11101010
11101001
11101000
11101000
11100111
11100110
11100110
11100101
11100100
11100100
11100011
11100010
11100010
11100001
11100000
11100000
11011111
11011110
11011110
11011101
11011100
11011100
11011011
11011010
11011010
11011001
11011000
11011000
11010111
11010110
11010110
11010101
11010100
11010100
11010011
11010010
11010010
11010001
11010000
11010000
11001111
11001110
11001110
11001101
11001100
11001100
11001011
11001010
11001010
11001001
11001000
11001000
11000111
11000110
11000110
11000101
11000100
11000100
11000011
11000010
11000010
11000001
11000000
11000000
10111111
10111110
10111110
10111101
10111100
10111100
10111011
10111010
10111010
10111001
10111000
10111000
10110111
10110110
10110110
10110101
10110100
10110100
10110011
10110010
10110010
10110001
10110000
10110000
10101111
10101110
10101110
10101101
10101100
10101100
10101011
10101010
10101010
10101001
10101000
10101000
10100111
10100110
10100110
10100101
10100101
10100100
10100011
10100011
10100010
10100001
10100001
10100000
10011111
10011111
10011110
10011101
10011101
10011100
10011011
10011011
10011010
10011001
10011001
10011000
10010111
10010111
10010110
10010101
10010101
10010100
10010011
10010011
10010010
10010001
10010001
10010000
10001111
10001111
10001110
10001110
10001101
10001100
10001100
10001011
10001010
10001010
10001001
10001000
10001000
10000111
10000110
10000110
10000101
10000100
10000100
10000011
10000010
10000010
10000001
10000001
10000000
1111111
1111111
1111110
1111101
1111101
1111100
1111011
1111011
1111010
1111001
1111001
1111000
1111000
1110111
1110110
1110110
1110101
1110100
1110100
1110011
1110010
1110010
1110001
1110001
1110000
1101111
1101111
1101110
1101101
1101101
1101100
1101011
1101011
1101010
1101010
1101001
1101000
1101000
1100111
1100110
1100110
1100101
1100101
1100100
1100011
1100011
1100010
1100001
1100001
1100000
1100000
1011111
1011110
1011110
1011101
1011100
1011100
1011011
1011011
1011010
1011001
1011001
1011000
1010111
1010111
1010110
1010110
1010101
1010100
1010100
1010011
1010011
1010010
1010001
1010001
1010000
1001111
1001111
1001110
1001110
1001101
1001100
1001100
1001011
1001011
1001010
1001001
1001001
1001000
1001000
1000111
1000110
1000110
1000101
1000101
1000100
1000011
1000011
1000010
1000010
1000001
1000000
1000000
111111
111111
111110
111101
111101
111100
111100
111011
111011
111010
111001
111001
111000
111000
110111
110110
110110
110101
110101
110100
110011
110011
110010
110010
110001
110001
110000
101111
101111
101110
101110
101101
101101
101100
101011
101011
101010
101010
101001
101001
101000
100111
100111
100110
100110
100101
100101
100100
100100
100011
100010
100010
100001
100001
100000
100000
11111
11111
11110
11101
11101
11100
11100
11011
11011
11010
11010
11001
11001
11000
10111
10111
10110
10110
10101
10101
10100
10100
10011
10011
10010
10010
10001
10000
10000
1111
1111
1110
1110
1101
1101
1100
1100
1011
1011
1010
1010
1001
1001
1000
1000
111
111
110
110
101
101
100
100
11
11
10
10
1
1
